1 0.452464 0.419974 0.062004 0.099206
1 0.181713 0.441799 0.057870 0.095238
1 0.144924 0.436508 0.058697 0.108466
1 0.310681 0.646825 0.059524 0.108466
1 0.900546 0.491402 0.057044 0.104497
1 0.798446 0.451058 0.056217 0.100529
2 0.047784 0.646164 0.062831 0.104497
2 0.239997 0.642196 0.057044 0.112434
2 0.487599 0.121032 0.064484 0.093915
2 0.979415 0.170635 0.041170 0.108466
0 0.775711 0.185847 0.071925 0.115079
0 0.953042 0.490741 0.039683 0.100529
0 0.370618 0.114418 0.075231 0.115079
0 0.930308 0.279762 0.065311 0.115079
0 0.988922 0.283069 0.022156 0.100529
2 0.774471 0.493386 0.054563 0.100529
3 0.902612 0.211640 0.024802 0.044974
3 0.506200 0.217593 0.032242 0.046296
6 0.927001 0.207011 0.019015 0.035714