0 0.402034 0.363095 0.068618 0.115079
0 0.779845 0.327381 0.068618 0.112434
0 0.719081 0.443783 0.052910 0.104497
0 0.242890 0.275794 0.067791 0.109788
0 0.404101 0.091270 0.066138 0.092593
0 0.554563 0.090608 0.057870 0.096561
1 0.639302 0.494048 0.060351 0.107143
1 0.729001 0.654762 0.061177 0.108466
1 0.862930 0.653439 0.051257 0.108466
1 0.909226 0.651455 0.052910 0.112434
1 0.487599 0.658730 0.052910 0.105820
1 0.528935 0.652778 0.042989 0.101852
1 0.273892 0.576058 0.058697 0.101852
1 0.096147 0.586640 0.060351 0.112434
2 0.516948 0.097222 0.023975 0.080688
2 0.629382 0.664683 0.063657 0.104497
6 0.734375 0.488095 0.019015 0.050265
6 0.688079 0.489418 0.015708 0.050265