2 0.427662 0.099206 0.060351 0.092593
2 0.720321 0.632937 0.055390 0.112434
1 0.757937 0.422619 0.062831 0.104497
1 0.784805 0.632275 0.058697 0.113757
1 0.573578 0.625661 0.052910 0.116402
1 0.620701 0.425265 0.034722 0.101852
0 0.587632 0.423942 0.049603 0.099206
0 0.835648 0.625000 0.057870 0.104497
2 0.240823 0.685185 0.066964 0.113757
0 0.282159 0.072090 0.062004 0.085979
0 0.608714 0.074074 0.058697 0.082011
0 0.383433 0.072751 0.054563 0.092593
6 0.621941 0.644841 0.019015 0.027778
4 0.607060 0.665344 0.023975 0.037037