0 0.594188 0.580859 0.063725 0.099720
0 0.248249 0.737722 0.052521 0.110924
0 0.897876 0.580000 0.061765 0.092549
2 0.303241 0.753704 0.044935 0.086275
2 0.333469 0.219717 0.028595 0.074510
1 0.289352 0.212527 0.053105 0.094118
1 0.162718 0.519063 0.064542 0.077124
1 0.347358 0.736710 0.051471 0.099346
1 0.190087 0.741285 0.068627 0.100654
6 0.696078 0.477778 0.022409 0.034734
6 0.684174 0.494024 0.019608 0.033613
6 0.739496 0.619514 0.018207 0.033613
3 0.664566 0.523156 0.022409 0.044818
6 0.206019 0.542375 0.015523 0.031373