1 0.190394 0.527778 0.057044 0.103175
1 0.818287 0.332011 0.057870 0.095238
2 0.648810 0.329365 0.059524 0.095238
2 0.130456 0.527116 0.057870 0.099206
1 0.052745 0.810185 0.064484 0.059524
0 0.259011 0.530423 0.065311 0.100529
0 0.707920 0.322090 0.055390 0.115079
0 0.573165 0.335979 0.068618 0.108466
0 0.427662 0.322090 0.068618 0.107143
0 0.250744 0.089947 0.055390 0.087302
0 0.448743 0.080026 0.059524 0.075397
0 0.643436 0.079365 0.057044 0.071429
0 0.764137 0.071429 0.052083 0.058201
0 0.606647 0.591931 0.064484 0.099206
0 0.482226 0.603836 0.055390 0.109788
0 0.442130 0.614418 0.056217 0.096561
0 0.185433 0.121032 0.038856 0.085979
0 0.212715 0.096561 0.055390 0.100529
0 0.641782 0.752646 0.068618 0.119048