0 0.724625 0.347943 0.060554 0.104268
0 0.529988 0.375163 0.061130 0.090427
0 0.343714 0.388543 0.054210 0.100577
0 0.737889 0.675048 0.058247 0.105190
0 0.667017 0.109524 0.049720 0.086275
0 0.118093 0.805823 0.052585 0.069875
1 0.603050 0.481307 0.054902 0.100392
1 0.528214 0.684706 0.059477 0.099346
1 0.182755 0.811362 0.045249 0.047059
1 0.234414 0.812569 0.056561 0.047059
1 0.049911 0.607605 0.044563 0.101248
1 0.597358 0.104031 0.058007 0.091503
2 0.611547 0.688889 0.053595 0.084706
2 0.849045 0.687682 0.053544 0.086878
2 0.578568 0.375054 0.038399 0.096732
0 0.549020 0.556017 0.049596 0.081200
6 0.556517 0.586467 0.023068 0.031373
3 0.533160 0.617839 0.031719 0.035063