0 0.605042 0.414472 0.065826 0.107563
0 0.328782 0.431839 0.048319 0.061625
0 0.596405 0.711391 0.057423 0.109804
0 0.649276 0.719234 0.041317 0.098599
2 0.712885 0.724276 0.053688 0.095238
2 0.832244 0.407081 0.055556 0.087582
2 0.318954 0.346275 0.068627 0.083137
0 0.076797 0.400392 0.050980 0.040784
0 0.881209 0.514118 0.057843 0.114510
1 0.112091 0.679608 0.050980 0.043922
1 0.027288 0.667843 0.038235 0.089412
1 0.865033 0.718039 0.062745 0.105098
1 0.500327 0.769804 0.050980 0.080000
6 0.198856 0.690588 0.024510 0.040784
6 0.742484 0.755686 0.025490 0.039216