6 0.695425 0.609804 0.025490 0.042353
6 0.802778 0.543922 0.022549 0.032941
6 0.740033 0.762745 0.018627 0.043922
0 0.239052 0.346275 0.063725 0.111373
0 0.834641 0.155686 0.052941 0.100392
0 0.746405 0.153333 0.041176 0.098824
0 0.853268 0.394902 0.066667 0.098824
0 0.947386 0.503922 0.062745 0.112941
0 0.590033 0.427059 0.063725 0.109804
1 0.357190 0.636471 0.056863 0.114510
1 0.634150 0.729020 0.059804 0.095686
1 0.825817 0.725098 0.066667 0.109804
1 0.067974 0.679608 0.052941 0.037647
1 0.920915 0.698431 0.054902 0.053333
0 0.973856 0.696078 0.043137 0.045490
3 0.776797 0.551765 0.027451 0.042353
2 0.530719 0.752549 0.052941 0.083137