0 0.247024 0.406085 0.067791 0.108466
0 0.621528 0.373016 0.069444 0.126984
0 0.525215 0.127646 0.068618 0.109788
0 0.391700 0.398148 0.052910 0.121693
0 0.429729 0.692460 0.064484 0.120370
0 0.521908 0.558862 0.058697 0.099206
0 0.212302 0.820767 0.062831 0.064815
0 0.461558 0.395503 0.050430 0.108466
2 0.438823 0.408730 0.042989 0.111111
2 0.752976 0.702381 0.064484 0.103175
0 0.592593 0.488757 0.057870 0.112434
1 0.629382 0.496032 0.043816 0.100529
1 0.678571 0.702381 0.059524 0.100529
1 0.638889 0.699735 0.051257 0.113757