0 0.496499 0.431279 0.053221 0.105322
0 0.551120 0.423436 0.047619 0.107563
0 0.778361 0.403828 0.065126 0.110924
0 0.645308 0.653688 0.062325 0.097479
0 0.958764 0.505645 0.065478 0.111230
2 0.640033 0.417647 0.069608 0.109804
2 0.645425 0.738431 0.060784 0.076863
2 0.311111 0.350980 0.060784 0.105098
0 0.078268 0.397255 0.063725 0.037647
1 0.522876 0.740784 0.056863 0.116078
1 0.593464 0.718039 0.056863 0.120784
1 0.332190 0.640392 0.053922 0.094118
1 0.283170 0.651373 0.044118 0.106667
6 0.698179 0.617834 0.028011 0.034734
6 0.740546 0.757890 0.018908 0.028011